{
	"version": "0.7", 
	"id": "", 
	"meshes": [
		{
			"attributes": [{
					"size":   3, 
					"type": "GL_FLOAT", 
					"attribute": "VERTEX_ATTRIB_POSITION"
				}, {
					"size":   3, 
					"type": "GL_FLOAT", 
					"attribute": "VERTEX_ATTRIB_NORMAL"
				}, {
					"size":   3, 
					"type": "GL_FLOAT", 
					"attribute": "VERTEX_ATTRIB_TANGENT"
				}, {
					"size":   3, 
					"type": "GL_FLOAT", 
					"attribute": "VERTEX_ATTRIB_BINORMAL"
				}, {
					"size":   2, 
					"type": "GL_FLOAT", 
					"attribute": "VERTEX_ATTRIB_TEX_COORD"
				}], 
			"vertices": [
				 2.688521, -1.361889, -17.154137, -0.001383, -0.999999, -0.001066,  0.999867, -0.001401,  0.016271, -0.016273, -0.001044,  0.999867,  0.499335,  0.231724, 
				 0.566278, -1.361887, -19.483082, -0.000000, -1.000000, -0.000001,  0.999927, -0.000000,  0.012121, -0.012121, -0.000001,  0.999927,  0.458158,  0.187162, 
				 2.726354, -1.361888, -18.511110, -0.000000, -1.000000, -0.000001,  0.999968, -0.000000,  0.007970, -0.007970, -0.000001,  0.999968,  0.499923,  0.205530, 
				 2.856791, -1.361889, -17.448099, -0.000000, -1.000000, -0.000001,  0.999927, -0.000000,  0.012121, -0.012121, -0.000001,  0.999927,  0.502581,  0.225961, 
				-8.279984, -1.361887, -19.711344, -0.000000, -1.000000, -0.000001,  0.999988, -0.000000,  0.005011, -0.005011, -0.000001,  0.999987,  0.287607,  0.182886, 
				-11.380776, -1.361887, -19.138945,  0.000000, -1.000000, -0.000001,  0.999988,  0.000000,  0.005011, -0.005011, -0.000001,  0.999987,  0.227869,  0.194220, 
				-11.379175, -1.361887, -19.707977, -0.000000, -1.000000, -0.000002,  0.999988, -0.000000,  0.005011, -0.005011, -0.000002,  0.999987,  0.227882,  0.183250, 
				-4.193065, -2.763689, -14.779675,  0.384179, -0.912735,  0.139001,  0.921407,  0.388568,  0.004855, -0.058443,  0.126212,  0.990280,  0.582868,  0.940577, 
				-3.840338, -2.644555, -15.504832,  0.778475, -0.623327, -0.073763,  0.627199,  0.777072,  0.052724,  0.024455, -0.087309,  0.995881,  0.589932,  0.926496, 
				-3.827520, -2.616964, -14.766149,  0.799731, -0.588264,  0.119903,  0.597513,  0.799327, -0.063672, -0.058386,  0.122564,  0.990742,  0.590482,  0.940773, 
				-4.193065, -2.777295, -15.502942,  0.338595, -0.936603, -0.090154,  0.940643,  0.339311,  0.007735,  0.023346, -0.087422,  0.995898,  0.582649,  0.926598, 
				-4.193065, -2.247830, -13.429842,  0.400636, -0.772357,  0.492905,  0.678491,  0.611623,  0.406899, -0.615743,  0.171413,  0.769076,  0.595325,  0.969230, 
				-4.019858, -1.852012, -13.051709,  0.732765, -0.422264,  0.533618,  0.371456,  0.905250,  0.206261, -0.570154,  0.047075,  0.820188,  0.605163,  0.974110, 
				-4.193065, -1.919389, -13.034065,  0.297409, -0.674204,  0.676016,  0.644514,  0.664151,  0.378821, -0.704379,  0.323037,  0.632058,  0.602434,  0.976362, 
				-3.959136, -2.125463, -13.427540,  0.787999, -0.478074,  0.387948,  0.395540,  0.875979,  0.276061, -0.471811, -0.064087,  0.879367,  0.599880,  0.966831, 
				-4.193065, -1.361895, -12.314548,  0.000000, -1.000000, -0.000001,  0.999951,  0.000000, -0.009892,  0.009892, -0.000001,  0.999951,  0.366675,  0.325604, 
				-4.111213, -1.361894, -12.772196,  0.000000, -1.000000, -0.000001,  0.999951,  0.000000, -0.009892,  0.009892, -0.000001,  0.999951,  0.368339,  0.316803, 
				-3.242423, -1.361895, -12.419442,  0.000000, -1.000000, -0.000002,  0.999951,  0.000000, -0.009892,  0.009892, -0.000002,  0.999951,  0.385004,  0.323765, 
				-4.193065, -1.361889, -17.849100, -0.000000, -1.000000, -0.000001,  0.999999, -0.000000, -0.001536,  0.001536, -0.000001,  0.999999,  0.366525,  0.218778, 
				-6.998582, -1.361887, -19.311209, -0.000000, -1.000000, -0.000001,  0.999999, -0.000000, -0.001536,  0.001536, -0.000001,  0.999999,  0.312444,  0.190572, 
				-4.193065, -1.361887, -19.311209,  0.000000, -1.000000, -0.000001,  0.999999,  0.000000, -0.001536,  0.001536, -0.000001,  0.999999,  0.366544,  0.190655, 
				-4.193065, -2.554652, -14.009364,  0.414644, -0.845822,  0.335643,  0.840948,  0.497092,  0.213789, -0.347673,  0.193612,  0.917408,  0.588307,  0.956922, 
				-4.193065, -2.763689, -14.779675,  0.384179, -0.912735,  0.139001,  0.880094,  0.407539,  0.243610, -0.279000,  0.028744,  0.959861,  0.583058,  0.942422, 
				-3.889103, -2.390296, -14.011136,  0.809206, -0.519590,  0.274247,  0.515656,  0.851807,  0.092321, -0.281575,  0.066710,  0.957217,  0.594806,  0.955440, 
				-3.827520, -2.616964, -14.766149,  0.799731, -0.588264,  0.119903,  0.562403,  0.803963,  0.193253, -0.210082, -0.087116,  0.973795,  0.590482,  0.940773, 
				-6.998582, -1.031070, -19.711344,  0.092784, -0.767381, -0.634443,  0.932799,  0.289856, -0.214173,  0.348249, -0.571936,  0.742706,  0.393280,  0.923633, 
				-4.193065, -1.031070, -19.711344, -0.025058, -0.717638, -0.695965,  0.936910,  0.225958, -0.266727,  0.348672, -0.658740,  0.666700,  0.444126,  0.942508, 
				-6.998582, -1.361887, -19.311209,  0.090233, -0.767561, -0.634593,  0.933582,  0.287084, -0.214492,  0.346817, -0.573090,  0.742486,  0.389793,  0.933045, 
				-4.193065, -1.361887, -19.311209, -0.024217, -0.719504, -0.694066,  0.937437,  0.224856, -0.265806,  0.347313, -0.657080,  0.669044,  0.440660,  0.951860, 
				-4.193065, -1.031070, -19.711344, -0.025058, -0.717638, -0.695965,  0.940570,  0.218929, -0.259611,  0.338674, -0.661110,  0.669503,  0.444126,  0.942508, 
				-2.553902, -1.031070, -19.711344, -0.029394, -0.573314, -0.818809,  0.939906,  0.262918, -0.217831,  0.340165, -0.776006,  0.531133,  0.473888,  0.953257, 
				-4.193065, -1.361887, -19.311209, -0.024217, -0.719504, -0.694066,  0.936944,  0.225785, -0.266752,  0.348638, -0.656761,  0.668667,  0.440660,  0.951860, 
				-2.553902, -1.361887, -19.529528, -0.029750, -0.574854, -0.817715,  0.942733,  0.255763, -0.214100,  0.332218, -0.777257,  0.534326,  0.471520,  0.960068, 
				-0.797614, -1.059009, -19.711344,  0.006008, -0.496077, -0.868258,  0.945487,  0.285538, -0.156599,  0.325605, -0.819985,  0.470750,  0.505824,  0.964775, 
				-0.074612, -1.059009, -19.711344,  0.019972, -0.543788, -0.838985,  0.945692,  0.282593, -0.160651,  0.324451, -0.790212,  0.519900,  0.519035,  0.969323, 
				-0.797613, -1.361887, -19.547443,  0.006151, -0.496248, -0.868159,  0.945449,  0.285666, -0.156590,  0.325711, -0.819837,  0.470934,  0.503650,  0.971064, 
				-0.061598, -1.361887, -19.512712,  0.019942, -0.545718, -0.837732,  0.945778,  0.281997, -0.161185,  0.324200, -0.789094,  0.521752,  0.517002,  0.976023, 
				 0.542162, -1.059009, -19.711344, -0.317565, -0.654127, -0.686491,  0.887856,  0.049094, -0.457495,  0.332963, -0.754790,  0.565180,  0.530314,  0.973182, 
				 0.987417, -1.361887, -19.651567, -0.326665, -0.690096, -0.645799,  0.879700,  0.027825, -0.474714,  0.345568, -0.723182,  0.597988,  0.537109,  0.981140, 
				 0.566278, -1.361887, -19.483082, -0.300111, -0.589242, -0.750152,  0.902064,  0.080408, -0.424046,  0.310184, -0.803946,  0.507403,  0.528387,  0.980268, 
				 2.115365, -1.361887, -19.603861, -0.000000, -1.000000, -0.000001,  0.999963, -0.000000,  0.008646, -0.008646, -0.000001,  0.999963,  0.487972,  0.184585, 
				 1.352886, -1.361887, -19.797783, -0.000000, -1.000000, -0.000001,  0.999963, -0.000000,  0.008646, -0.008646, -0.000001,  0.999963,  0.473255,  0.180978, 
				 1.959141, -1.361886, -20.181902,  0.000000, -1.000000, -0.000001,  0.999963, -0.000000,  0.008646, -0.008646, -0.000001,  0.999963,  0.484867,  0.173479, 
				 3.286511, -1.361889, -18.022156,  0.000000, -1.000000, -0.000001,  0.999995,  0.000000,  0.003225, -0.003225, -0.000001,  0.999995,  0.510834,  0.214854, 
				 3.476259, -1.361889, -17.340033, -0.000000, -1.000000, -0.000001,  0.999995, -0.000000,  0.003225, -0.003225, -0.000001,  0.999995,  0.514658,  0.227982, 
				 3.197444, -1.361889, -17.527269,  0.000000, -1.000000, -0.000001,  1.000000,  0.000000, -0.000377,  0.000377, -0.000001,  1.000000,  0.509206,  0.224377, 
				 3.987411, -1.361889, -17.718672,  0.004491, -0.999982,  0.003964,  0.999967,  0.004517,  0.006809, -0.006827,  0.003934,  0.999969,  0.524417,  0.220614, 
				 1.959141, -1.361886, -20.181902, -0.366507, -0.827369, -0.425598,  0.822482, -0.074260, -0.563922,  0.434967, -0.556728,  0.707713,  0.558460,  0.981808, 
				 1.227479, -1.059008, -20.140627, -0.354651, -0.786164, -0.506131,  0.841603, -0.032580, -0.539114,  0.407342, -0.617159,  0.673192,  0.545938,  0.972947, 
				 1.886744, -1.059008, -20.846317, -0.366507, -0.827369, -0.425598,  0.822117, -0.073794, -0.564516,  0.435656, -0.556790,  0.707240,  0.564118,  0.968850, 
				 1.352886, -1.361887, -19.797783, -0.351113, -0.774471, -0.526227,  0.844584, -0.019336, -0.535073,  0.404223, -0.632314,  0.660895,  0.544637,  0.981978, 
				 2.443964, -1.367074, -15.796230,  0.006789, -0.999880,  0.013961,  0.999959,  0.006873,  0.005933, -0.006028,  0.013920,  0.999885,  0.494883,  0.257973, 
				 3.006670, -1.361891, -16.017467,  0.005333, -0.999985,  0.001510,  0.999970,  0.005341,  0.005578, -0.005586,  0.001480,  0.999983,  0.505730,  0.253654, 
				 2.500017, -1.361675, -15.744568,  0.035162, -0.997195,  0.066068,  0.999351,  0.035605,  0.005529, -0.007866,  0.065830,  0.997800,  0.495984,  0.258962, 
				-8.279984, -1.361887, -19.711344,  0.195147, -0.755888, -0.624941,  0.919663,  0.362435, -0.151199,  0.340790, -0.545229,  0.765890,  0.368181,  0.918678, 
				-6.998582, -1.031070, -19.711344,  0.092784, -0.767381, -0.634443,  0.933039,  0.289461, -0.213661,  0.347606, -0.572136,  0.742853,  0.393280,  0.923633, 
				-6.998582, -1.361887, -19.311209,  0.090233, -0.767561, -0.634593,  0.933228,  0.287669, -0.215250,  0.347770, -0.572797,  0.742267,  0.389793,  0.933045, 
				-4.075125, -1.597913, -17.484291,  0.455077, -0.361226, -0.813893,  0.338258,  0.915634, -0.217249,  0.823703, -0.176441,  0.538871,  0.609403,  0.887250, 
				-3.970182, -1.931509, -17.237122,  0.646640, -0.528564, -0.549979,  0.366249,  0.847599, -0.383976,  0.669118,  0.046865,  0.741677,  0.603375,  0.892827, 
				-4.193066, -1.963908, -17.237122,  0.127608, -0.731115, -0.670214,  0.499608,  0.631129, -0.593353,  0.856801, -0.259128,  0.445808,  0.600837,  0.889295, 
				-4.193065, -1.597913, -17.484291,  0.027554, -0.421029, -0.906629,  0.474693,  0.803697, -0.358802,  0.879720, -0.420484,  0.222004,  0.608341,  0.885229, 
				-3.970182, -1.931509, -17.237122,  0.646640, -0.528564, -0.549979,  0.554105,  0.821005, -0.137546,  0.524237, -0.215803,  0.823775,  0.603375,  0.892827, 
				-3.875436, -2.510580, -16.218882,  0.724778, -0.626865, -0.285898,  0.551761,  0.776608, -0.304038,  0.412621,  0.062613,  0.908748,  0.592449,  0.912684, 
				-4.193065, -2.603014, -16.211004,  0.256414, -0.900474, -0.351282,  0.830981,  0.390997, -0.395716,  0.493682, -0.190441,  0.848534,  0.586607,  0.910091, 
				-4.193066, -1.963908, -17.237122,  0.127608, -0.731115, -0.670214,  0.811886,  0.465141, -0.352825,  0.569699, -0.499114,  0.652938,  0.599601,  0.890675, 
				-4.193065, -1.597918, -12.807474,  0.109903, -0.387717,  0.915204,  0.553626,  0.788599,  0.267599, -0.825482,  0.477270,  0.301319,  0.608877,  0.980614, 
				-4.019858, -1.852012, -13.051709,  0.732765, -0.422264,  0.533618,  0.314898,  0.905581,  0.284187, -0.603237, -0.040207,  0.796548,  0.605163,  0.974110, 
				-4.111213, -1.597918, -12.807474,  0.520340, -0.300508,  0.799338,  0.319962,  0.936458,  0.143774, -0.791752,  0.180947,  0.583428,  0.609802,  0.979319, 
				-4.193065, -1.919389, -13.034065,  0.297409, -0.674204,  0.676016,  0.598856,  0.683184,  0.417890, -0.743586,  0.280552,  0.606936,  0.602434,  0.976362, 
				 3.006670, -1.361891, -16.017467,  0.005333, -0.999985,  0.001510,  0.999921,  0.005350,  0.011403, -0.011411,  0.001449,  0.999934,  0.505730,  0.253654, 
				 3.058429, -1.361890, -16.703285,  0.003156, -0.999995, -0.000839,  0.999924,  0.003146,  0.011953, -0.011950, -0.000877,  0.999928,  0.506625,  0.240457, 
				 3.616110, -1.361890, -16.390636, -0.000000, -1.000000, -0.000001,  0.999929, -0.000000,  0.011950, -0.011950, -0.000001,  0.999929,  0.517474,  0.246346, 
				 3.374370, -1.361890, -16.776575, -0.000000, -1.000000, -0.000001,  0.999922, -0.000000,  0.012490, -0.012490, -0.000001,  0.999922,  0.512765,  0.238969, 
				 3.541189, -1.361890, -17.041969, -0.000000, -1.000000, -0.000001,  0.999933, -0.000000,  0.011604, -0.011604, -0.000001,  0.999933,  0.515968,  0.233774, 
				 4.485205, -1.361890, -17.054375,  0.009168, -0.999925,  0.008095,  0.999903,  0.009252,  0.010399, -0.010473,  0.007999,  0.999913,  0.534135,  0.233321, 
				 4.075701, -1.361890, -16.716709, -0.000000, -1.000000, -0.000001,  0.999931, -0.000000,  0.011709, -0.011709, -0.000001,  0.999931,  0.526303,  0.239936, 
				 3.987411, -1.361889, -17.718672,  0.004491, -0.999982,  0.003964,  0.999956,  0.004523,  0.008195, -0.008212,  0.003927,  0.999959,  0.524417,  0.220614, 
				 3.476259, -1.361889, -17.340033, -0.000000, -1.000000, -0.000001,  0.999951, -0.000000,  0.009856, -0.009856, -0.000001,  0.999951,  0.514658,  0.227982, 
				 4.075701, -1.361890, -16.716709, -0.000000, -1.000000, -0.000001,  0.999927, -0.000000,  0.012088, -0.012088, -0.000001,  0.999927,  0.526303,  0.239936, 
				 3.374370, -1.361890, -16.776575, -0.000000, -1.000000, -0.000001,  0.999819, -0.000000,  0.019025, -0.019025, -0.000001,  0.999819,  0.512765,  0.238969, 
				 3.541189, -1.361890, -17.041969, -0.000000, -1.000000, -0.000001,  0.999879, -0.000000,  0.015557, -0.015557, -0.000001,  0.999879,  0.515968,  0.233774, 
				 3.616110, -1.361890, -16.390636, -0.000000, -1.000000, -0.000001,  0.999879, -0.000000,  0.015557, -0.015557, -0.000001,  0.999879,  0.517474,  0.246346, 
				 2.856791, -1.361889, -17.448099, -0.000000, -1.000000, -0.000001,  0.999962, -0.000000,  0.008705, -0.008705, -0.000001,  0.999962,  0.502581,  0.225961, 
				 2.726354, -1.361888, -18.511110, -0.000000, -1.000000, -0.000001,  0.999970, -0.000000,  0.007698, -0.007698, -0.000001,  0.999970,  0.499923,  0.205530, 
				 3.286511, -1.361889, -18.022156,  0.000000, -1.000000, -0.000001,  0.999962,  0.000000,  0.008705, -0.008705, -0.000001,  0.999962,  0.510834,  0.214854, 
				 3.197444, -1.361889, -17.527269,  0.000000, -1.000000, -0.000001,  0.999953,  0.000000,  0.009712, -0.009712, -0.000001,  0.999953,  0.509206,  0.224377, 
				-11.379175, -1.361887, -19.707977, -0.999996, -0.000211, -0.002814, -0.001202,  0.934022,  0.357212,  0.002553,  0.357214, -0.934019,  0.413188,  0.731064, 
				-11.380776, -1.361887, -19.138945, -0.999996, -0.000132, -0.002726, -0.001097,  0.934022,  0.357213,  0.002499,  0.357214, -0.934019,  0.417117,  0.720789, 
				-11.379175,  0.030780, -19.811964, -0.999997,  0.000029, -0.002547, -0.000883,  0.934023,  0.357213,  0.002389,  0.357214, -0.934019,  0.437616,  0.742559, 
				-8.279984, -1.361887, -19.711344,  0.004639, -0.077019, -0.997019,  0.999989,  0.000461,  0.004617,  0.000104, -0.997030,  0.077021,  0.082740,  0.770877, 
				-11.379175, -1.361887, -19.707977, -0.000555, -0.073292, -0.997310,  1.000000,  0.000010, -0.000557,  0.000051, -0.997311,  0.073292,  0.022822,  0.770876, 
				-11.379175,  0.030780, -19.811964, -0.000557,  0.000001, -1.000000,  1.000000,  0.000001, -0.000557,  0.000001, -1.000000, -0.000001,  0.022823,  0.743878, 
				-8.279984,  0.030780, -19.812050,  0.005151,  0.000001, -0.999987,  0.999987,  0.000010,  0.005151,  0.000010, -1.000000, -0.000001,  0.082730,  0.743878, 
				-3.661358, -1.361894, -13.141314,  0.980591,  0.000000, -0.196067, -0.196067, -0.000013, -0.980591, -0.000003,  1.000000, -0.000012,  0.687922,  0.249063, 
				-3.711081,  1.423439, -13.789939,  0.997075, -0.000000, -0.076434,  0.076434, -0.000001,  0.997075, -0.000000, -1.000000, -0.000001,  0.700497,  0.302908, 
				-3.661358,  1.423438, -13.141311,  0.980591,  0.000000, -0.196067, -0.196067, -0.000006, -0.980591, -0.000001,  1.000000, -0.000006,  0.687921,  0.302908, 
				-3.711082, -1.361893, -13.789944,  0.999998, -0.000000, -0.002096, -0.002096, -0.000012, -0.999998,  0.000000,  1.000000, -0.000012,  0.700497,  0.249063, 
				-3.711081,  1.423439, -13.789940,  0.999998, -0.000000, -0.002096, -0.002096, -0.000025, -0.999998,  0.000000,  1.000000, -0.000025,  0.700497,  0.302908, 
				-4.193065, -1.361894, -12.772196, -1.000000,  0.000000, -0.000000, -0.000000, -0.000089,  1.000000,  0.000000,  1.000000,  0.000089,  0.871872,  0.912597, 
				-4.193065,  1.423438, -12.772193, -1.000000,  0.000000, -0.000000, -0.000000, -0.000089,  1.000000,  0.000000,  1.000000,  0.000089,  0.871868,  0.966442, 
				-4.193065,  0.030775, -15.244429, -1.000000,  0.000000,  0.000000,  0.000000, -0.000089,  1.000000,  0.000000,  1.000000,  0.000089,  0.824077,  0.939515, 
				-3.242423,  1.423438, -12.419440,  0.826088,  0.000001, -0.563541, -0.563541, -0.000004, -0.826088, -0.000003,  1.000000, -0.000003,  0.671664,  0.302908, 
				-3.242423, -1.361895, -12.419442,  0.826088,  0.000001, -0.563541, -0.563541, -0.000005, -0.826088, -0.000003,  1.000000, -0.000004,  0.671664,  0.249063, 
				-3.592730, -1.361894, -12.932954,  0.896751,  0.000000, -0.442535, -0.442535, -0.000005, -0.896751, -0.000003,  1.000000, -0.000005,  0.683681,  0.249063, 
				-3.592731,  1.423438, -12.932951,  0.896751,  0.000000, -0.442535, -0.442535, -0.000005, -0.896751, -0.000003,  1.000000, -0.000004,  0.683681,  0.302908, 
				-3.242423,  1.423437, -12.314546,  1.000000,  0.000000,  0.000000,  0.000000, -0.002592,  0.999997,  0.000000, -0.999997, -0.002592,  0.829791,  0.029427, 
				-3.242423, -1.361895, -12.314548,  1.000000,  0.000000,  0.000000,  0.000000, -0.002591,  0.999997,  0.000000, -0.999997, -0.002591,  0.829931,  0.083272, 
				-3.242423, -1.361895, -12.419442,  1.000000,  0.000000,  0.000000,  0.000000, -0.002589,  0.999997,  0.000000, -0.999997, -0.002589,  0.827903,  0.083277, 
				-3.242423,  1.423438, -12.419440,  1.000000,  0.000000,  0.000000,  0.000000, -0.002591,  0.999997,  0.000000, -0.999997, -0.002591,  0.827764,  0.029432, 
				-6.998582,  0.030780, -19.811249,  0.005434,  0.000001, -0.999985,  0.999985,  0.000045,  0.005434,  0.000045, -1.000000, -0.000001,  0.107500,  0.743878, 
				-4.193066,  0.030780, -19.811249, -0.000076,  0.000001, -1.000000,  1.000000,  0.000008, -0.000076,  0.000008, -1.000000, -0.000001,  0.161741,  0.743879, 
				-6.998582, -1.031070, -19.711344,  0.005814, -0.087114, -0.996181,  0.999983,  0.000590,  0.005785,  0.000084, -0.996198,  0.087116,  0.107510,  0.764489, 
				-4.193065, -1.031070, -19.711344,  0.000000, -0.093672, -0.995603,  1.000000,  0.000045, -0.000004,  0.000046, -0.995603,  0.093672,  0.161741,  0.764494, 
				-2.553902, -1.031070, -19.711344, -0.000337, -0.092768, -0.995688,  1.000000, -0.000131, -0.000326, -0.000100, -0.995688,  0.092768,  0.193428,  0.764491, 
				-4.193065, -1.031070, -19.711344,  0.000000, -0.093672, -0.995603,  1.000000, -0.000100,  0.000009, -0.000100, -0.995603,  0.093672,  0.161741,  0.764494, 
				-4.193066,  0.030780, -19.811249, -0.000076,  0.000001, -1.000000,  1.000000, -0.000100, -0.000076, -0.000100, -1.000000, -0.000001,  0.161741,  0.743879, 
				-4.193066,  0.030780, -19.811249, -0.000076,  0.000001, -1.000000,  1.000000,  0.000015, -0.000076,  0.000015, -1.000000, -0.000001,  0.161741,  0.743879, 
				 0.524568,  0.030780, -19.811335, -0.279205,  0.000001, -0.960231,  0.960231, -0.000398, -0.279205, -0.000383, -1.000000,  0.000110,  0.252985,  0.743880, 
				-2.553902, -1.031070, -19.711344, -0.000337, -0.092768, -0.995688,  1.000000, -0.000347, -0.000306, -0.000317, -0.995688,  0.092768,  0.193428,  0.764491, 
				-0.797614, -1.059009, -19.711344, -0.000321, -0.092301, -0.995731,  1.000000, -0.000679, -0.000260, -0.000652, -0.995731,  0.092301,  0.227337,  0.765005, 
				 1.227479, -1.059008, -20.140627, -0.633880, -0.088409, -0.768362,  0.771961, -0.011080, -0.635574,  0.047677, -0.996023,  0.075271,  0.267997,  0.765076, 
				 0.542162, -1.059009, -19.711344, -0.274550, -0.093221, -0.957043,  0.960175,  0.027070, -0.278085,  0.051831, -0.995277,  0.082076,  0.252643,  0.765071, 
				 1.167283,  0.030780, -20.218666, -0.636744,  0.000001, -0.771075,  0.771075,  0.000070, -0.636744,  0.000053, -1.000000, -0.000045,  0.267972,  0.743881, 
				 0.524568,  0.030780, -19.811335, -0.279205,  0.000001, -0.960231,  0.960232,  0.000219, -0.279205,  0.000210, -1.000000, -0.000062,  0.252985,  0.743880, 
				 3.176582, -1.309198, -17.405670, -0.056846, -0.968105,  0.244011,  0.998058, -0.061336, -0.010836,  0.025457,  0.242921,  0.969712,  0.508801,  0.226874, 
				 3.476259, -1.361889, -17.340033, -0.301967, -0.931393,  0.203281,  0.953171, -0.298725,  0.047204,  0.016760,  0.208015,  0.977982,  0.514658,  0.227982, 
				 3.374638, -1.315363, -17.272633, -0.199245, -0.971685,  0.127006,  0.979950, -0.197601,  0.025540,  0.000280,  0.129548,  0.991573,  0.512618,  0.229366, 
				 3.197444, -1.361889, -17.527269, -0.070934, -0.919286,  0.387146,  0.995696, -0.088463, -0.027622,  0.059641,  0.383520,  0.921605,  0.509206,  0.224377, 
				 3.286511, -1.361889, -18.022156,  0.533832,  0.000001, -0.845591,  0.000013, -1.000000,  0.000007, -0.845591, -0.000015, -0.533832,  0.449324,  0.408420, 
				 3.987411,  1.423444, -17.718670,  0.259818,  0.000001, -0.965658,  0.000015, -1.000000,  0.000003, -0.965658, -0.000015, -0.259818,  0.395479,  0.393654, 
				 3.987411, -1.361889, -17.718672,  0.259815,  0.000001, -0.965658,  0.000014, -1.000000,  0.000003, -0.965658, -0.000015, -0.259815,  0.449325,  0.393655, 
				 3.286511,  1.423444, -18.022152,  0.533832,  0.000001, -0.845591,  0.000013, -1.000000,  0.000007, -0.845591, -0.000015, -0.533832,  0.395479,  0.408420, 
				 4.969837, -1.361889, -17.603157, -0.096079,  0.000022, -0.995374, -0.000001, -1.000000, -0.000022, -0.995374, -0.000001,  0.096079,  0.449325,  0.374532, 
				 3.987411, -1.361889, -17.718672,  0.259815,  0.000001, -0.965658,  0.000000, -1.000000, -0.000001, -0.965658, -0.000000, -0.259815,  0.449325,  0.393655, 
				 4.969837,  1.423443, -17.603153, -0.096095, -0.000022, -0.995372,  0.000003, -1.000000,  0.000022, -0.995372, -0.000001,  0.096095,  0.395480,  0.374532, 
				 1.167283,  0.030780, -20.218666, -0.636744,  0.000001, -0.771075,  0.771070, -0.003599, -0.636740, -0.002776, -0.999994,  0.002291,  0.267972,  0.743881, 
				 1.886744, -1.059008, -20.846317, -0.726896, -0.087591, -0.681139,  0.683991, -0.003569, -0.729482,  0.061465, -0.996150,  0.062506,  0.286588,  0.764943, 
				 1.227479, -1.059008, -20.140627, -0.633880, -0.088409, -0.768362,  0.771132,  0.004306, -0.636660,  0.059595, -0.996075,  0.065445,  0.267997,  0.765076, 
				 1.836706,  0.030781, -20.930920, -0.729701,  0.000001, -0.683767,  0.683767, -0.000028, -0.729701, -0.000020, -1.000000,  0.000020,  0.286945,  0.743880, 
				 1.959141, -1.361886, -20.181902,  0.979872,  0.007459, -0.199487,  0.008518, -0.999954,  0.004447, -0.199444, -0.006057, -0.979890,  0.449328,  0.458563, 
				 1.886744, -1.059008, -20.846317,  0.995118,  0.038641, -0.090817,  0.038647, -0.999251, -0.001690, -0.090814, -0.001828, -0.995866,  0.443449,  0.471500, 
				 1.836706,  0.030781, -20.930920,  0.990642, -0.002880, -0.136455, -0.002362, -0.999989,  0.003962, -0.136465, -0.003603, -0.990638,  0.422385,  0.473182, 
				 5.197235, -0.666783, -17.655434,  0.782247, -0.124792, -0.610342, -0.614531,  0.006126, -0.788869,  0.102183,  0.992164, -0.071896,  0.327667,  0.280413, 
				 5.117588, -1.203616, -17.615463,  0.702678, -0.399017, -0.589091, -0.638939,  0.010408, -0.769187,  0.313050,  0.916885, -0.247634,  0.327936,  0.269897, 
				 5.064070, -1.203959, -17.673639,  0.700806, -0.404520, -0.587568, -0.642201,  0.000824, -0.766536,  0.310563,  0.914529, -0.259205,  0.329463,  0.269860, 
				 5.139679, -0.666438, -17.730135,  0.782126, -0.124995, -0.610455, -0.614474,  0.007917, -0.788897,  0.103442,  0.992126, -0.070614,  0.329489,  0.280410, 
				 2.541647, -0.666290, -15.594793,  0.488108, -0.123324,  0.864027,  0.068502,  0.992326,  0.102938, -0.870091,  0.008943,  0.492810,  0.931535,  0.310200, 
				 3.006670, -1.361891, -16.017467,  0.494346, -0.196616,  0.846738,  0.106340,  0.980446,  0.165580, -0.862736,  0.008188,  0.505588,  0.917880,  0.298208, 
				 3.085263, -0.665714, -15.906373,  0.503368, -0.121932,  0.855426,  0.067428,  0.992518,  0.101796, -0.861438,  0.006439,  0.507823,  0.931596,  0.298093, 
				 2.500017, -1.361675, -15.744568,  0.476346, -0.201593,  0.855836,  0.107904,  0.979407,  0.170642, -0.872612,  0.011063,  0.488290,  0.917761,  0.309354, 
				 2.443964, -1.367074, -15.796230, -0.666770, -0.118290,  0.735816, -0.081691,  0.992975,  0.085605, -0.740773, -0.003031, -0.671749,  0.399928,  0.622573, 
				 2.500017, -1.361675, -15.744568, -0.669994, -0.116636,  0.733147, -0.080568,  0.993172,  0.084375, -0.737982, -0.002537, -0.674816,  0.400029,  0.621101, 
				 2.467978, -0.989775, -15.713814, -0.694809, -0.103584,  0.711696, -0.071396,  0.994620,  0.075060, -0.715642,  0.001340, -0.698466,  0.407269,  0.621138, 
				-8.279984, -1.361887, -19.711344,  0.004639, -0.077019, -0.997019,  0.999989, -0.000045,  0.004656, -0.000404, -0.997030,  0.077018,  0.082740,  0.770877, 
				-8.279984,  0.030780, -19.812050,  0.005151,  0.000001, -0.999987,  0.999987,  0.000521,  0.005151,  0.000521, -1.000000,  0.000002,  0.082730,  0.743878, 
				-6.998582, -1.031070, -19.711344,  0.005814, -0.087114, -0.996181,  0.999983,  0.000189,  0.005820, -0.000318, -0.996198,  0.087113,  0.107510,  0.764489, 
				-6.998582,  0.030780, -19.811249,  0.005434,  0.000001, -0.999985,  0.999985,  0.000010,  0.005434,  0.000010, -1.000000, -0.000001,  0.107500,  0.743878, 
				 2.876230, -1.302554, -16.940331,  0.200735, -0.963742, -0.175806,  0.979645,  0.197677,  0.034921,  0.001098, -0.179237,  0.983805,  0.503169,  0.235761, 
				 3.058429, -1.361890, -16.703285,  0.062876, -0.912158, -0.404988,  0.996479,  0.079928, -0.025316,  0.055462, -0.401970,  0.913972,  0.506625,  0.240457, 
				 2.780241, -1.361890, -16.870514,  0.346534, -0.897071, -0.274186,  0.937221,  0.343303,  0.061314,  0.039126, -0.278220,  0.959720,  0.501166,  0.237253, 
				 3.077807, -1.308767, -16.820169,  0.027842, -0.966343, -0.255747,  0.999594,  0.028481,  0.001204,  0.006120, -0.255677,  0.966743,  0.507008,  0.238038, 
				 3.058429, -1.361890, -16.703285,  0.062876, -0.912158, -0.404988,  0.997253,  0.041500,  0.061357, -0.039160, -0.407733,  0.912261,  0.506625,  0.240457, 
				 3.302247, -1.314930, -16.872255, -0.145120, -0.970372, -0.193182,  0.989312, -0.145118, -0.014237, -0.014219, -0.193184,  0.981060,  0.511292,  0.237034, 
				 3.374370, -1.361890, -16.776575, -0.217570, -0.928458, -0.301047,  0.975582, -0.216364, -0.037778, -0.030061, -0.301915,  0.952861,  0.512765,  0.238969, 
				 3.077807, -1.308767, -16.820169,  0.027842, -0.966343, -0.255747,  0.999461,  0.022466,  0.023917, -0.017367, -0.256276,  0.966448,  0.507008,  0.238038, 
				 3.085263, -0.665714, -15.906373,  0.503368, -0.121932,  0.855426,  0.071557,  0.992475,  0.099360, -0.861104,  0.011197,  0.508305,  0.931596,  0.298093, 
				 3.616110, -1.361890, -16.390636,  0.545889, -0.187124,  0.816694,  0.104214,  0.982336,  0.155418, -0.831351,  0.000270,  0.555748,  0.917931,  0.284316, 
				 3.694703, -0.665714, -16.279539,  0.554573, -0.117151,  0.823847,  0.068063,  0.993109,  0.095403, -0.829347,  0.003165,  0.558725,  0.931630,  0.284299, 
				 3.006670, -1.361891, -16.017467,  0.494346, -0.196616,  0.846738,  0.106364,  0.980446,  0.165566, -0.862733,  0.008216,  0.505592,  0.917880,  0.298208, 
				 3.541189, -1.361890, -17.041969, -0.346353, -0.936210, -0.059587,  0.937827, -0.347095,  0.002256, -0.022795, -0.055101,  0.998221,  0.515968,  0.233774, 
				 3.374638, -1.315363, -17.272633, -0.199245, -0.971685,  0.127006,  0.979909, -0.198744,  0.016731,  0.008984,  0.127788,  0.991761,  0.512618,  0.229366, 
				 3.476259, -1.361889, -17.340033, -0.301967, -0.931393,  0.203281,  0.951732, -0.306828,  0.007937,  0.054979,  0.195865,  0.979088,  0.514658,  0.227982, 
				 3.420756, -1.317532, -17.060841, -0.227751, -0.972862, -0.040856,  0.973075, -0.228926,  0.026786, -0.035412, -0.033655,  0.998806,  0.513542,  0.233411, 
				 4.145594, -0.665713, -16.616257,  0.613867, -0.111570,  0.781485,  0.072798,  0.993745,  0.084690, -0.786046,  0.004902,  0.618149,  0.931613,  0.273448, 
				 4.485205, -1.361890, -17.054375,  0.655746, -0.146113,  0.740708,  0.093093,  0.989255,  0.112727, -0.749220, -0.004966,  0.662303,  0.917990,  0.262935, 
				 4.571764, -0.665712, -16.974207,  0.673008, -0.091305,  0.733977,  0.059550,  0.995819,  0.069275, -0.737234, -0.002915,  0.675632,  0.931617,  0.262709, 
				 4.075701, -1.361890, -16.716709,  0.605050, -0.175861,  0.776522,  0.108725,  0.984415,  0.138226, -0.788729,  0.000794,  0.614741,  0.917958,  0.273308, 
				 3.374370, -1.361890, -16.776575, -0.217570, -0.928458, -0.301047,  0.972442, -0.232674,  0.014793, -0.083780, -0.289532,  0.953495,  0.512765,  0.238969, 
				 3.420756, -1.317532, -17.060841, -0.227751, -0.972862, -0.040856,  0.973716, -0.227440, -0.012178,  0.002556, -0.042555,  0.999091,  0.513542,  0.233411, 
				 3.541189, -1.361890, -17.041969, -0.346353, -0.936210, -0.059587,  0.937862, -0.347007,  0.000672, -0.021306, -0.055651,  0.998223,  0.515968,  0.233774, 
				 3.302247, -1.314930, -16.872255, -0.145120, -0.970372, -0.193182,  0.988915, -0.148454,  0.002820, -0.031415, -0.190632,  0.981159,  0.511292,  0.237034, 
				 3.694703, -0.665714, -16.279539,  0.554573, -0.117151,  0.823847,  0.068062,  0.993109,  0.095404, -0.829347,  0.003164,  0.558725,  0.931630,  0.284299, 
				 4.075701, -1.361890, -16.716709,  0.605050, -0.175861,  0.776522,  0.108723,  0.984415,  0.138228, -0.788729,  0.000791,  0.614741,  0.917958,  0.273308, 
				 4.145594, -0.665713, -16.616257,  0.613867, -0.111570,  0.781485,  0.064669,  0.993742,  0.091075, -0.786756, -0.005370,  0.617240,  0.931613,  0.273448, 
				 3.616110, -1.361890, -16.390636,  0.545889, -0.187124,  0.816694,  0.111131,  0.982300,  0.150787, -0.830455,  0.008447,  0.557022,  0.917931,  0.284316, 
				 2.934591, -1.302553, -17.349405,  0.146811, -0.965299,  0.215972,  0.989055,  0.146509, -0.017497, -0.014752,  0.216177,  0.976243,  0.504212,  0.228006, 
				 3.197444, -1.361889, -17.527269, -0.070934, -0.919286,  0.387146,  0.996983, -0.053082,  0.056627, -0.031506,  0.389995,  0.920278,  0.509206,  0.224377, 
				 3.176582, -1.309198, -17.405670, -0.056846, -0.968105,  0.244011,  0.998292, -0.051811,  0.027007, -0.013503,  0.245129,  0.969396,  0.508801,  0.226874, 
				 2.856791, -1.361889, -17.448099,  0.254077, -0.905590,  0.339635,  0.966622,  0.249731, -0.057244, -0.032978,  0.342843,  0.938814,  0.502581,  0.225961, 
				 3.286511,  1.423444, -18.022152,  0.533832,  0.000001, -0.845591,  0.000013, -1.000000,  0.000007, -0.845591, -0.000015, -0.533832,  0.395479,  0.408420, 
				 3.286511, -1.361889, -18.022156,  0.533832,  0.000001, -0.845591,  0.000010, -1.000000,  0.000005, -0.845591, -0.000011, -0.533832,  0.449324,  0.408420, 
				 2.726354, -1.361888, -18.511110,  0.776632,  0.000001, -0.629954,  0.000005, -1.000000,  0.000005, -0.629954, -0.000007, -0.776632,  0.449323,  0.422794, 
				 2.726354,  1.423444, -18.511106,  0.776632,  0.000001, -0.629954,  0.000007, -1.000000,  0.000008, -0.629954, -0.000011, -0.776632,  0.395478,  0.422794, 
				 5.239412,  0.030777, -17.692589,  0.808225,  0.000002, -0.588873, -0.588870,  0.003440, -0.808221,  0.002024,  0.999994,  0.002781,  0.327812,  0.293942, 
				 5.197235, -0.666783, -17.655434,  0.782247, -0.124792, -0.610342, -0.614531,  0.006125, -0.788869,  0.102183,  0.992164, -0.071897,  0.327667,  0.280413, 
				 5.139679, -0.666438, -17.730135,  0.782126, -0.124995, -0.610455, -0.614506,  0.007613, -0.788876,  0.103253,  0.992128, -0.070856,  0.329489,  0.280410, 
				 5.188620,  0.030777, -17.766645,  0.808226,  0.000002, -0.588873, -0.588873,  0.001440, -0.808225,  0.000846,  0.999999,  0.001165,  0.329547,  0.293939, 
				 2.560082,  0.030775, -15.567953,  0.497102, -0.000001,  0.867692,  0.003241,  0.999993, -0.001856, -0.867686,  0.003735,  0.497098,  0.945088,  0.310197, 
				 3.085263, -0.665714, -15.906373,  0.503368, -0.121932,  0.855426,  0.064593,  0.992533,  0.103466, -0.861655,  0.003173,  0.507485,  0.931596,  0.298093, 
				 3.103868,  0.030775, -15.879315,  0.509727, -0.000001,  0.860336,  0.002782,  0.999995, -0.001647, -0.860332,  0.003233,  0.509724,  0.945084,  0.298094, 
				 2.541647, -0.666290, -15.594793,  0.488108, -0.123324,  0.864027,  0.063999,  0.992359,  0.105486, -0.870434,  0.003808,  0.492271,  0.931535,  0.310200, 
				 3.103868,  0.030775, -15.879315,  0.509727, -0.000001,  0.860336,  0.003305,  0.999993, -0.001957, -0.860330,  0.003841,  0.509723,  0.945084,  0.298094, 
				 3.694703, -0.665714, -16.279539,  0.554573, -0.117151,  0.823847,  0.066355,  0.993114,  0.096553, -0.829485,  0.001120,  0.558528,  0.931630,  0.284299, 
				 3.713310,  0.030776, -16.252483,  0.560872, -0.000001,  0.827903,  0.001320,  0.999999, -0.000893, -0.827902,  0.001594,  0.560871,  0.945079,  0.284316, 
				 3.085263, -0.665714, -15.906373,  0.503368, -0.121932,  0.855426,  0.064750,  0.992533,  0.103374, -0.861643,  0.003354,  0.507504,  0.931596,  0.298093, 
				 4.164200,  0.030776, -16.589197,  0.620956, -0.000000,  0.783845,  0.000277,  1.000000, -0.000219, -0.783845,  0.000354,  0.620956,  0.945075,  0.273495, 
				 4.571764, -0.665712, -16.974207,  0.673008, -0.091305,  0.733977,  0.062184,  0.995823,  0.066860, -0.737016,  0.000644,  0.675875,  0.931617,  0.262709, 
				 4.590384,  0.030777, -16.947138,  0.687308,  0.000000,  0.726366, -0.001400,  0.999998,  0.001325, -0.726365, -0.001928,  0.687307,  0.945071,  0.262806, 
				 4.145594, -0.665713, -16.616257,  0.613867, -0.111570,  0.781485,  0.070798,  0.993754,  0.086262, -0.786228,  0.002375,  0.617932,  0.931613,  0.273448, 
				 3.713310,  0.030776, -16.252483,  0.560872, -0.000001,  0.827903,  0.001323,  0.999999, -0.000895, -0.827902,  0.001597,  0.560871,  0.945079,  0.284316, 
				 4.145594, -0.665713, -16.616257,  0.613867, -0.111570,  0.781485,  0.069340,  0.993756,  0.087408, -0.786358,  0.000531,  0.617770,  0.931613,  0.273448, 
				 4.164200,  0.030776, -16.589197,  0.620956, -0.000000,  0.783845, -0.000616,  1.000000,  0.000489, -0.783845, -0.000787,  0.620956,  0.945075,  0.273495, 
				 3.694703, -0.665714, -16.279539,  0.554573, -0.117151,  0.823847,  0.067797,  0.993110,  0.095582, -0.829369,  0.002847,  0.558695,  0.931630,  0.284299, 
				 4.969837, -1.361889, -17.603157, -0.096079,  0.000022, -0.995374, -0.000047, -1.000000, -0.000017, -0.995374,  0.000046,  0.096079,  0.449325,  0.374532, 
				 5.139679, -0.666438, -17.730135, -0.598681,  0.000020, -0.800987, -0.000001, -1.000000, -0.000025, -0.800987, -0.000014,  0.598681,  0.435881,  0.370432, 
				 5.064070, -1.203959, -17.673639, -0.599096,  0.000111, -0.800678, -0.000055, -1.000000, -0.000097, -0.800678, -0.000014,  0.599096,  0.446272,  0.372257, 
				 5.188620,  0.030777, -17.766645, -0.598681,  0.000011, -0.800987, -0.000020, -1.000000,  0.000001, -0.800987,  0.000017,  0.598681,  0.422403,  0.369253, 
				 4.969837, -1.361889, -17.603157, -0.096079,  0.000022, -0.995374, -0.000001, -1.000000, -0.000022, -0.995374, -0.000001,  0.096079,  0.449325,  0.374532, 
				 4.969837,  1.423443, -17.603153, -0.096095, -0.000022, -0.995372, -0.000018, -1.000000,  0.000023, -0.995372,  0.000020,  0.096095,  0.395480,  0.374532, 
				 5.139679, -0.666438, -17.730135, -0.598681,  0.000020, -0.800987, -0.000018, -1.000000, -0.000012, -0.800987,  0.000008,  0.598681,  0.435881,  0.370432, 
				 5.086188, -0.665481, -17.503895,  0.756371, -0.059652,  0.651417,  0.038684,  0.998170,  0.046488, -0.652998, -0.009963,  0.757294,  0.931584,  0.248428, 
				 4.571764, -0.665712, -16.974207,  0.673008, -0.091305,  0.733977,  0.060229,  0.995821,  0.068653, -0.737179, -0.001997,  0.675695,  0.931617,  0.262709, 
				 5.046019, -1.338669, -17.535160,  0.719767, -0.108563,  0.685675,  0.071598,  0.994038,  0.082229, -0.690514, -0.010093,  0.723249,  0.918538,  0.248608, 
				 4.485205, -1.361890, -17.054375,  0.655746, -0.146113,  0.740708,  0.096897,  0.989268,  0.109362, -0.748738,  0.000059,  0.662867,  0.917990,  0.262935, 
				-3.796499, -1.361893, -14.511235,  0.000000, -1.000000, -0.000001,  0.999945,  0.000000,  0.010501, -0.010501, -0.000001,  0.999945,  0.374580,  0.283330, 
				-3.752509, -1.361892, -14.838406,  0.000000, -1.000000, -0.000001,  0.999922,  0.000000,  0.012486, -0.012486, -0.000001,  0.999922,  0.375351,  0.277001, 
				-3.536390, -1.361892, -14.676105,  0.000000, -1.000000, -0.000001,  0.999945,  0.000000,  0.010501, -0.010501, -0.000001,  0.999945,  0.379546,  0.280083, 
				-3.661138, -1.361893, -14.479356,  0.000000, -1.000000, -0.000001,  0.999964,  0.000000,  0.008516, -0.008516, -0.000001,  0.999964,  0.377191,  0.283927, 
				-4.193065, -1.597913, -17.484291,  0.027554, -0.421029, -0.906629,  0.444992,  0.817316, -0.366029,  0.895111, -0.393357,  0.209874,  0.608385,  0.885206, 
				-4.193065, -1.361889, -17.547401,  0.000000, -0.258314, -0.966061,  0.433895,  0.870386, -0.232731,  0.900963, -0.419169,  0.112081,  0.612637,  0.883152, 
				-4.075125, -1.597913, -17.484291,  0.455077, -0.361226, -0.813893,  0.401974,  0.898927, -0.174208,  0.794558, -0.247885,  0.554284,  0.609403,  0.887250, 
				-4.011840, -1.361889, -17.547401,  0.555376, -0.239886, -0.796249,  0.318877,  0.945733, -0.062507,  0.768033, -0.219190,  0.601732,  0.614133,  0.886316, 
				-3.875436, -2.510580, -16.218882,  0.724778, -0.626865, -0.285898,  0.602087,  0.777993, -0.179493,  0.334944, -0.042043,  0.941299,  0.592449,  0.912684, 
				-3.842127, -1.361890, -17.042620,  0.966965, -0.124742, -0.222301,  0.127927,  0.991784, -0.000069,  0.220483, -0.028372,  0.974978,  0.614620,  0.896617, 
				-3.743311, -1.361891, -15.731380,  0.994915, -0.085756, -0.052829,  0.086009,  0.996291,  0.002525,  0.052417, -0.007056,  0.998600,  0.614796,  0.922096, 
				-3.970182, -1.931509, -17.237122,  0.646640, -0.528564, -0.549979,  0.473880,  0.843357, -0.253352,  0.597741, -0.096796,  0.795824,  0.603375,  0.892827, 
				-3.752509, -1.361892, -14.838406,  0.997057, -0.057488,  0.050719,  0.057548,  0.998343,  0.000265, -0.050650,  0.002655,  0.998713,  0.614781,  0.939359, 
				-3.840338, -2.644555, -15.504832,  0.778475, -0.623327, -0.073763,  0.621336,  0.781933, -0.050231,  0.088988, -0.006728,  0.996010,  0.589932,  0.926496, 
				-3.743311, -1.361891, -15.731380,  0.994915, -0.085756, -0.052829,  0.085883,  0.996305,  0.000147,  0.052621, -0.004684,  0.998604,  0.614796,  0.922096, 
				-3.827520, -2.616964, -14.766149,  0.799731, -0.588264,  0.119903,  0.583191,  0.808630,  0.077498, -0.142546,  0.007949,  0.989756,  0.590482,  0.940773, 
				-3.796499, -1.361893, -14.511235,  0.992608, -0.039378,  0.114799,  0.039706,  0.999211, -0.000567, -0.114686,  0.005120,  0.993389,  0.614734,  0.945716, 
				-3.889103, -2.390296, -14.011136,  0.809206, -0.519590,  0.274247,  0.497074,  0.854310,  0.151892, -0.313214,  0.013410,  0.949588,  0.594806,  0.955440, 
				-3.827520, -2.616964, -14.766149,  0.799731, -0.588264,  0.119903,  0.582936,  0.808643,  0.079264, -0.143587,  0.006506,  0.989616,  0.590482,  0.940773, 
				-3.752509, -1.361892, -14.838406,  0.997057, -0.057488,  0.050719,  0.057527,  0.998344,  0.000680, -0.050674,  0.002240,  0.998713,  0.614781,  0.939359, 
				-4.019858, -1.852012, -13.051709,  0.732765, -0.422264,  0.533618,  0.370690,  0.905312,  0.207362, -0.570653,  0.045860,  0.819910,  0.605163,  0.974110, 
				-3.888136, -1.361893, -13.805143,  0.990214, -0.031092,  0.136047,  0.031180,  0.999513,  0.001488, -0.136027,  0.002769,  0.990701,  0.614688,  0.959457, 
